$ANSIBLE_VAULT;1.1;AES256
39633964343032383137383662613632663231366165653839633931376137363961316264393866
6533316661303333363238643361643561336132396136660a646465666364383035626436306365
63386137653739316634663333663039356539326330386663643539333564343831383065616661
3133383730303436320a373830336533663139346338396135383434656262353561663162313063
63343535376536666639633962646661636466343032616636323635626136663737333465366265
39613031303336333630303961383138633933313561323538666361653330313935653237653332
61343965343233636565353366366635666366303031633236386131666366383337643565313130
65653261303766343838613563353134346262363837366363643137363039646137353930623931
32353064363765353032363466383039346333346636343164656538633535396636306161366138
30396535626230356637383266633633666230386634323833306465306165323166343437366132
61636536353433666166353939313637306435653739633533393761313334666336323261323366
62613233663133626338383363623364313937323831326461376538643332663835653933373363
33613438323734313536313363346430643861396665383234666234373231646232646131643234
30666661386136616362373937643566373435323530643234663466376539363932343965336331
34633931653137323561646365346333626630313962353266306230666639623536363139323432
32643963323232643365373030396439323134343538393937353764343132313438623138363165
63336333643761323566383633626264616533366366393837656437646665646538643438393561
35626335303664323638666430336338303863633938623661376230326634333364333136366433
62363339623962363761613130366638613833643039353130626562633833663962623533346364
36386366346164383033653437613539316161613035346166663730646538346263396633326437
35366137666632323365663061623533313165336235316139666338383533363138323461303235
39393432636231336662373238336262376135366365356164336263633762643433363435383934
34643537386538333635616434643832396532363463373663663136356164303439646662306431
65616466323337623835386233356235633065653433646266323964316565616136326337313337
62306463376530316638626464376635303665343364333936323531353635616533376133363931
62323233363365346431386632376636363833333362333965393261386562613632313434323933
61663037643231323935656362333833633266663736343465343031643138323630303637663539
64666364336239613832636635613733303338623164333435353665386662333130343462636330
31353963366366303239363762663231366433373464366239623263366464626434373865383036
33323931626464646234633534366639373439613834636435616664633661663231336366663433
65343962326532363136353032313866643862346162313561666663623031663566386432656433
33323363363364376638363932616638623665343563383362636162393634333431623534346433
36646262656565326630633937653263323430663265623562373834333264393432656263353466
64353939316661633234303531323331653063373165356166646564386230623265633865366463
64643162323665353739303039656466646466616163313437313563633764356536373930373463
30346538356237333530323462326532333331363064623866313730343538376639333966333232
31393565333065396332313538663136356166393064616635333764623836303664383734393530
61333638303930663362643161626466323266656432653664316563353662363163343164623834
36626431396536663138393334656538323432613264393664613061653562633439326234363835
37626634663861646634656237383263326137663964623761663765313565326437613635343931
33353834376536663838663639626462643462643265333733393838393534663835356532313932
63313233633337343831613639383636353130623736333830653166643666663335353939643735
37386562623937393163393330343162643030343365366561343830646266356130643736653931
36646434383566633836373062313435343532623766313239363562303065336662356239333637
61343837383138656237306238643765346566396664313361613135373631643963386235333634
31656466653235333837316665333561633234623635613764383336363037623839666466613538
61393637303037653033393532646561396663336232376664373861656366613361356264613462
38373438373761656231363435353637613737356639663634653733323338393335393936316532
63356366626535623263346664653132646534666530633936633032373332613433623734616365
32623663636237636238353237346436343132343764323833633135636462616265356133393534
33626366326264303930636163616561393466393531613434346539393230306465363035316662
62383865323531653562393831343833613161373366663334373237303134303563366566323439
37313364396532656139363462343235333666333733336339323830616163333730393339363133
66306437306161323939653863623462393235333037316465356637643436333937643062396261
63313037643439373930316539343434653466303164393736633130626534366332656461396265
64613463623861303534303737626438643238313333343339623433643434376534343362343963
36346334353263353234313337326565333538393537376238366432346163323030323964376635
30323739653030386431363438656332643937393539633431646537323361323332643836353866
35303566333033646162306439373062653539363935356437653330636133633035623936383665
37366439646361333063316464643432366334373336656332653639623363363866346233366331
34386238303263333135333430376666656338616464633061313830666432323338393261323662
30323166656365633661623262386334656533666633323731666461303131373531393261346232
66383135653165346330613237666264346430393430336666306131313236623431633665356634
32623863313930343064373561373762303231623335363134633732373031396362643932396263
61663338326234373663633634623336373031343039346130643038633161313934313237396266
36613433336534313034346439303335366364303535626562326365346661633730623663666136
39646435306163653361363431353139633936303663343232323535616463616166313461636366
33613434323938356365373631343930653432626637636161336132306561366564313835623866
36393539303163613035383064393464656263303866333563643333356236616533373831383163
36363839326234646534623466356165643132376566666631636631333631336662653536386338
31363738393163653431386336653361313566346134323766623435666538383662633336306531
63303165343264336563646530656235633938663137316631616463613438376663303032373134
33336635656534663263376137333132643936303461313139626333633130663237656239333837
61386237643339363338396264626135333233613861333531653431646335306534663361323138
30343238656236636538313832653032623731623334343661613235633664393634386539303537
35653663656436656436636632353832356233366137663866316236396434373139613138643564
65636566366466313934373262613033313334376565383161316534323762623432633238633936
38663932346130366537643038303834333535363239353630356162616264393466346464363461
66643330613434633738663432643837643937383139316365313235636131366633313931373036
39646164653432613839373839336430336139383239383161636231613534633032386432633938
65313433656333383837393161653438653034303663393664363666346130303135656137336466
65323865653738306463393635326433386236663362666537646630306530623237663866313966
66386136623739303435336339303637323635656239626339616534653334346336663662313837
37303032363730363838336665353437663266336237623431313362313037373935663735616332
36326434663761633530643662356334653734386336643335636637336363313765396234323933
35363937376563343930353132353164336636313065653933396334356465353864333661653965
66653135356535656466336432633766356532623637323235333065636634333435383166373862
33643237306133633330356636616534343461313133663266373136336433376339333334613864
31396463363634633066313130623862353538643762376362333033616137303430343132623836
30336562336237376164333565396263616361363831623461393962303263376562343931613363
39376633323635316538663739613638313232336330323766343639326334613932633661366162
32623366613239383661633362306230633166666539373766613365376631363339336338623761
61623636346562626236336530363962616562343239633966363463376565643664636131366466
64383938656366386536383232333764313131366463383931613362303937303765303563343037
38663366356138643663363534316362313663663334363739626631343035316237383037663938
38363530393661353336393635356164663664383335653161393732343931353836336336633333
35333963653036333261643565666362383339616330316138643638663432326433633164623935
32346562346432663632616331356662333464626235363761626130303364333063666431366563
32363430633136323365323461653532633837393435373539633835613033643438313761333039
64363934333738386662626532353433623465333438613030643139383936343534656132626662
63393362353130316665316535626437643562666634333333373231623637323136323363386336
33386237393365666232366432613763663562626533393361636231363335383132653231363933
36316539393036333262363239343439616337386230313266303737623530383162313431643437
32306162383031626236353463366535656137326361386336353265366166386434333161326436
31643466653439323831373631393539616430336261346462343439316263616234376332626566
61633136306264396435373936353961636561616461356365353434383337333666373365326530
36623937353763393063326439316537306465383534386334646637633930366531653336313666
30346432373135613061663364336662666162346335626536326664326566663631366538666636
64306666663262653661316163393138376230613738306638336135336539346230333261643337
37616231376434353132336533373161666131393730316563333165613239336563383764396532
33393661376263626636653262383661616363306664373665323738393763636266396464336232
34633238633236623230303465616330383365626630336535643061626262666563623464376462
32316466663031373735383631663363313431396265333638316562373931323164393433313563
39633166343563303430653539663235643538653764303466383362383032313563366435343537
39616534393936656363613861623861646631346137396336366134303261306131633431663435
37363061663366376139653236623961373766366534326534343661376233633263376363343537
65333337343162383164653432616666643566613836643232653330353030343533306432343937
34366131313930376234306634316539663232343363323666653330633866356430363733323838
62373139306336326634386431323731623432376266643538363166383263623832316431353963
31393366366463376536613139396334393766623462313536306230393165666233336536613763
64336132356634626563653237326530366361373763626233363934316437313463656633356236
36393264313962366430346339396234393034613537623133626430653565366334363266643936
66636336343737656262343165373334353939306665653933623831363832666636386137643630
62663030303634356634653362373938316362363764666133613166373734353966653231303030
36373566636239343239353966356266646532383563626637383466383035386366326163393733
30636262313966313233616563306338633863336130323663333831383137363138323233376363
37366661366263646330323634636463613464386330316235396561363435356562323433356638
38626132303165326361303761373035623031326337666262383161343933303862393135363532
61346336613837656230396364653536623839356163306434646432396266303465643039323838
39636530336534633966386564313630663962363539333337623836663065396238366361636532
33653539376331326332363039663732303834656366346566633762653866383364396666616335
65343134323335653334663037343663653634363130656439386334333333386438616135363030
65343465373537633262303031663935393135663038346361396532313166323164396161663737
3838653465623133623363343832626432336465613834356232
